/*Program Name: Sorting Boxes
Assignment: Module 11, Lesson 3, Practice Assignment 1
Author: Nick Case
Date: 2/23/20
Version: 1.0
Program Description: This program creates an array of box objects and then sorts them based on their volume.
What I learned from this program: how to sort an array of objects
What difficulties did I have and how I solved them: N/A
*/

import java.util.Arrays;

public class NickCaseMod11SortingBoxesTester
{
        public static void selectionSort( Box[] array )
        {      // Find the object reference that should go in each cell of     // the array, from cell 0 to the end
             for ( int j=0; j < array.length-1; j++ )
             {       // Find min: the index of the reference that should go into cell j.       // Look through the unsorted references (those at j or higher)
                 int min = j;
                 for ( int k=j+1; k < array.length; k++ )
                     if ( array[k].compareTo( array[min] ) < 0 ) min = k;
                     // Swap the reference at j with the reference at min
                 Box temp   = array[j];
                 array[j]   = array[min];
                 array[min] = temp;
             }
        }
        public static void main ( String[] args )
        {
            Box[] boxArray =
                {       new Box( 1.0, 2.3, 2.7), //setting objects inside array
                        new Box( 1.0, 4.9, 3.2),
                        new Box( 3.0, 1.3, 2.7),
                        new Box( 3.0, 0.1, 4.67),
                        new Box( 1.3, 1.3, 1.3),
                        new Box( 4.0, 2.3, 1.7),
                        new Box( 2.2, 2.1, 1.67),
                        new Box( 2.3, 7.3, 6.3),
                        new Box( 2.0, 3.3, 5.3)
                };
            // print out the array
            System.out.println("Before: ");
            for ( Box box : boxArray )
            {
                System.out.println( box );
                System.out.println( );
            }
                          // sort the array
            //Arrays.sort(boxArray)
            selectionSort( boxArray );

            // print out the array
            System.out.println("After: ");
            for ( Box box : boxArray )
            {
                System.out.println( box );
                System.out.println( );
            }
        }
}

/* Sample Output:

They work so well together because creating your own comparing method instead of using the one provided my java so it is easier to use and change.

Before:
length: 1.0,  height: 2.3,  depth: 2.7,  volume: 6.21

length: 1.0,  height: 4.9,  depth: 3.2,  volume: 15.680000000000001

length: 3.0,  height: 1.3,  depth: 2.7,  volume: 10.530000000000001

length: 3.0,  height: 0.1,  depth: 4.67,  volume: 1.4010000000000002

length: 1.3,  height: 1.3,  depth: 1.3,  volume: 2.1970000000000005

length: 4.0,  height: 2.3,  depth: 1.7,  volume: 15.639999999999999

length: 2.2,  height: 2.1,  depth: 1.67,  volume: 7.715400000000002

length: 2.3,  height: 7.3,  depth: 6.3,  volume: 105.77699999999999

length: 2.0,  height: 3.3,  depth: 5.3,  volume: 34.98

After:
length: 3.0,  height: 0.1,  depth: 4.67,  volume: 1.4010000000000002

length: 1.3,  height: 1.3,  depth: 1.3,  volume: 2.1970000000000005

length: 1.0,  height: 2.3,  depth: 2.7,  volume: 6.21

length: 2.2,  height: 2.1,  depth: 1.67,  volume: 7.715400000000002

length: 3.0,  height: 1.3,  depth: 2.7,  volume: 10.530000000000001

length: 4.0,  height: 2.3,  depth: 1.7,  volume: 15.639999999999999

length: 1.0,  height: 4.9,  depth: 3.2,  volume: 15.680000000000001

length: 2.0,  height: 3.3,  depth: 5.3,  volume: 34.98

length: 2.3,  height: 7.3,  depth: 6.3,  volume: 105.77699999999999

 */
